18035
15395
3864
22684
22939
4074
2888
8128
27214
24497
31123
4671
22520
20356
26343
24090
23071
13344
8991
27025
31897
28245
16087
10657
11261
5550
7039
16844
26199
13908
16815
20760
25632
9776
29114
4186
19821
13648
8838
9652
20326
15756
25243
20829
9722
21865
20345
22432
28113
10813
5935
19496
21122
17812
14377
8826
27911
16851
29514
10179
26222
12827
9275
18900
13008
16752
29698
20331
30855
19739
6614
26036
30620
32332
7729
9999
1407
9988
21544
32532
28923
26162
31992
4052
25192
22301
18913
31842
3107
20481
12343
15507
16187
29693
17334
24065
14445
7212
2838
22102
14675
23571
735
19143
16856
9531
17023
28894
32239
19998
30617
27773
15237
72
11169
20256
31923
20918
1958
7266
31289
3458
2670
30659
10792
28610
25800
24488
7902
22701
28702
6563
21047
15103
29514
13301
12546
18847
10666
16465
31410
10367
16503
11235
18774
9412
15954
22673
21964
14376
2336
23425
19505
23452
32280
1243
17563
27953
20506
5328
13323
11576
8259
16859
27037
5800
1214
29766
27650
5825
29149
23281
19248
26607
14696
15695
14936
5105
5173
11953
1561
24890
27128
1735
15091
12184
19293
17251
4094
2067
21076
14209
27100
25624
23724
11141
2540
28631
21732
21187
15808
19433
32062
14916
8914
4662
28948
5319
21106
8726
20591
2055
2563
30646
18902
24380
9063
4798
30308
18148
29112
12336
15390
30147
22073
23443
10883
26409
8588
6994
1380
2675
5413
15455
29173
3028
6398
283
31269
6742
31116
14202
23083
20251
16883
31330
19553
6633
1654
8789
18262
22246
13105
10576
25118
29087
13066
1523
21229
14671
741
16865
15333
19039
1303
20330
14891
12585
10525
25192
27456
10753
15247
20582
23695
8822
29263
15368
6466
24533
2310
4007
19034
28399
465
2875
7423
16668
24119
27006
25364
6784
25695
24654
8719
13709
17535
83
1032
16329
12952
14307
24335
5074
18529
32034
18115
21663
17280
25454
23585
19976
29696
8186
20377
16009
28416
16824
18791
28227
22952
8317
11296
14147
24674
18272
25995
25351
11846
24163
16819
318
30933
22357
29754
7120
29675
25078
19440
27678
16879
27485
17572
30091
13389
11415
27451
10555
28710
3217
18431
30491
19270
22839
17209
28705
30038
7134
14337
24021
16722
3295
10581
29456
9022
27269
19817
31235
13845
14122
25406
9084
24067
8860
1654
23397
23251
8902
30055
18061
24235
32652
32110
19884
31991
22006
389
22945
1443
22161
20248
9469
8333
17170
13589
18117
15674
28477
4419
23156
10952
18693
18388
26944
27683
11253
22845
30878
7292
974
2629
25096
30711
626
21084
22526
23716
27904
1071
15435
22449
17473
25721
11145
4830
19523
8988
25063
13872
14147
27248
23850
4586
30672
30939
24562
9401
32302
30882
14911
21039
25849
2558
31539
23922
20746
13171
28698
31798
2207
11357
5287
5608
1461
13772
22656
812
1977
30097
24062
24970
26720
1945
5677
20324
14292
14714
24091
9260
25616
9292
335
30932
28557
6330
17815
5253
31518
4440
25607
4499
10008
7992
4926
20145
4023
1208
1771
97
26813
29341
2192
30383
31836
7014
3462
27423
4438
4314
28226
27364
31843
8164
8918
12626
24787
7840
10426
1686
25716
24758
30157
30373
23222
17895
7319
29810
11021
5861
1489
15716
30359
9320
25383
4359
16639
23678
16188
4354
8353
18978
20207
23881
14831
13073
26589
16531
2579
18393
16422
271
17622
6707
23413
10578
18880
19858
18746
23956
29824
13820
6202
4381
19599
22809
9034
12282
22545
1418
6999
4340
5628
29819
29354
17347
25467
10620
3434
3966
20629
1164
23395
13654
10250
14967
16133
19332
11901
10083
26032
17536
23768
12197
29999
30324
6637
8921
12930
14064
14169
21809
1504
24287
13742
25357
32764
19130
5073
21196
17544
11003
11680
2274
32247
14549
28120
16939
16008
8994
22326
2176
29312
18333
10461
21895
18358
3153
8696
22479
11861
27985
10400
3612
22238
4778
22528
11519
20844
662
14775
682
12860
17394
11901
19715
24428
1266
18954
13815
27651
6676
9780
27153
9266
26962
29015
32075
11994
5532
15353
4644
26701
32389
18862
30450
23129
26685
26938
11642
30083
24511
6134
4286
28560
12107
29813
3350
27466
30487
17510
7810
19840
15938
4540
2367
25423
4105
8973
152
15776
31037
21304
12287
26098
31220
3147
23132
20570
16256
27044
933
11975
15005
17750
22703
2443
26094
13518
18756
16663
20651
14518
2165
23814
16788
9241
26417
19550
1577
32456
15639
31506
16924
26365
21385
24779
21255
13887
1794
27879
7259
28037
4777
29634
20376
11422
14886
309
1220
14544
17844
13405
14102
22208
1143
2206
31218
31633
18705
12263
31258
6480
5232
25143
7970
2704
25321
18016
24868
24913
20363
22539
9910
7463
429
28412
16153
3224
6346
19351
19635
24005
2703
19619
13247
8781
10033
12879
24900
19054
14340
4722
32323
23405
27722
25111
25397
25912
2120
14393
24501
31563
2720
11723
10873
13520
15322
32508
3462
30730
23620
20920
8868
5363
25596
17778
13328
29476
2379
12321
5490
22262
308
11400
2318
487
11853
23995
1342
12863
12750
3039
28192
17907
4840
32305
6028
1225
28760
13898
9033
21949
28731
28833
3968
25507
25124
3665
2416
29967
18284
19484
22628
31602
13769
27312
29922
7557
18466
11306
8230
16619
4514
19161
4047
22290
18188
19780
471
29018
4686
23406
19656
24697
17496
31064
16429
25374
22830
19144
26951
10196
572
17481
4098
9769
10987
28019
39
4880
11121
6252
29395
29829
7661
12975
11304
6255
2483
4876
8514
29386
22756
26864
14957
9989
19523
12519
1429
16553
24899
21087
27902
24380
24165
19119
17973
22885
31168
2392
19782
6993
19937
24970
24623
17492
4310
13546
3733
18388
16774
15250
20918
5475
16196
3417
159
3115
32675
20565
21662
15759
22155
12447
4603
17167
1164
1366
10467
11116
32627
18151
25253
17165
10523
14987
28449
15266
26758
30481
26236
30471
22828
9949
4889
31083
1171
11057
6085
18097
23072
1195
17970
12054
22829
9487
14759
20245
8540
3655
2549
18056
23850
25256
10925
27407
15047
19063
19088
31157
26405
21164
18247
3025
16206
10485
2389
21291
11260
22782
23625
24928
23395
28400
5944
32392
19794
9016
10602
21269
25978
29577
24404
26878
30733
19748
29638
18462
1164
11351
16742
12759
4826
21827
10333
16378
26260
2531
31824
27371
31909
24906
3730
15104
1812
9260
10392
10539
23329
21152
2733
29401
1425
14116
17126
25881
31046
10978
28761
25345
3090
28466
18058
11085
13773
16479
25894
8522
17829
1454
22516
7411
438
17052
21256
1625
25819
11624
32570
16456
28355
3793
27350
9767
14919
20257
29333
8480
19962
21610
14028
6273
23298
5648
28900
16738
24103
2439
15626
4489
22314
19550
11303
22922
2648
12157
12819
18994
94
1963
17414
26918
14431
26451
15183
14536
16452
9607
20552
5978
10068
22085
16777
6502
32516
6137
31580
25437
24080
23108
21361
18046
6602
508
11475
9465
10674
3700
6171
24917
26952
9213
17380
23823
11294
8108
20862
19076
22577
6238
25063
22032
31353
28922
28406
27256
2495
24566
17626
5253
19375
4125
12227
18930
4142
16015
12767
6025
14062
31241
21896
31368
13119
26470
28604
26953
552
12134
26317
20258
18102
31151
20825
32651
148
6417
381
25726
4316
19726
20550
27684
301
15514
15720
31149
16638
3615
14131
23935
19761
16580
7874
6292
30187
10991
23670
28445
13988
16904
6307
3692
21626
3969
27784
18960
14027
30483
8069
13378
11778
12874
17544
5504
7345
9539
19401
1911
14049
28853
23735
14118
19366
25902
3121
4673
19702
15263
17146
25555
2490
14107
26727
9256
20006
5084
9563
32746
24134
26503
21365
23178
32474
22192
27784
20449
100
17313
3660
31000
127
23127
26195
30917
21874
7630
6718
4694
22533
23167
48
20659
32660
8742
15235
31
1121
13512
4538
32607
31790
31477
2999
11295
9484
30027
14127
28305
21102
17723
7258
10327
12417
13072
15343
2723
20928
21804
10575
6045
15043
15509
5376
21253
24663
19121
23390
26137
19412
5198
27533
15033
22955
30181
6834
20937
17983
15648
14179
22743
31990
2969
29020
17149
23951
22245
26995
26889
27574
10705
32206
29916
7381
2795
9811
7184
14382
11333
30048
28126
32039
18549
4284
14398
996
20704
14030
18511
3099
20793
9229
2554
11812
11332
27832
19154
8784
5600
7879
9279
4732
28228
16417
20700
10726
25225
32015
28957
22335
30313
6897
821
29953
23366
816
4663
19458
14445
31347
24699
9290
18589
22550
4419
22561
28867
20952
5534
7533
13320
12243
24717
31035
10509
31922
9829
4508
21621
1566
11124
20914
3237
16761
26087
5130
19143
26831
30443
18220
3349
25609
16147
16497
11860
21092
4602
12565
22174
18466
19753
29069
26981
5248
22075
5915
5301
9191
17471
1951
26041
21094
14429
32688
1665
16992
10685
16107
2306
2946
10404
20107
25439
22008
23776
5691
359
13793
17255
13096
3934
23296
28475
17753
25088
26804
20880
10051
8131
2602
19761
17304
3933
5841
6432
32097
12166
23310
13948
24140
31743
22834
32168
32583
979
5801
1706
24397
13533
18803
28881
7296
138
31193
19867
17273
15840
27736
13013
10460
27839
26594
14340
303
15975
11334
25348
10988
1851
11500
18415
24276
32197
25541
24641
14983
27385
20610
23865
22866
12222
30724
31106
28488
17322
30740
3602
6804
4365
853
28243
24333
21042
22902
20352
11
21473
4012
16210
11385
16680
15712
28125
12588
23644
24869
20148
9587
18778
4588
21844
17904
19730
20603
20672
29094
9799
3355
10856
32082
25488
13713
3151
20735
23203
24400
12909
981
9426
25069
27475
27186
17622
30163
3085
18940
22988
11064
23372
10549
893
19792
14277
27343
23522
1472
32212
11714
10728
21589
28773
8797
12656
12022
10516
18905
17562
24023
21395
21556
31299
26608
14412
4157
11724
9134
23112
8683
11293
16360
11344
29426
12778
22804
8530
4504
7989
28347
7174
29125
1045
19754
464
17498
27317
16235
29929
22724
671
7539
31162
15569
4411
2717
2952
3778
19346
30807
25686
13729
32088
16667
31751
29653
8490
28578
708
2035
19988
1620
23197
20439
7766
23298
21619
8692
29544
23255
13333
20712
15163
19084
16297
3411
6850
22236
24142
6634
8625
2360
2559
1479
27525
29883
6330
24835
20932
12128
8418
8071
4998
27507
31971
7711
5684
17733
12820
32209
9104
6436
16097
18796
18677
30090
5161
6499
15328
32149
15845
10716
26544
20407
32523
5893
2218
17583
25778
13223
30784
6840
5238
11773
3731
24832
23070
30406
15670
14171
14460
7833
18229
13881
405
7545
14934
4822
14850
14505
3486
21424
19350
31425
2327
10558
19265
29186
23249
16095
22068
10471
32039
6161
19014
3324
21059
19939
23959
14323
6373
16557
22899
20213
7775
4606
31865
27702
20965
31446
18428
18124
7427
21013
15529
3265
9583
22324
19050
9063
23553
5427
30603
16875
32000
29138
796
6701
26015
15620
1686
975
25287
21665
23233
23949
23831
12379
17364
6348
1578
27123
10462
9077
27416
5549
23142
9219
4159
32513
11342
15323
31299
7571
26366
17372
18515
22117
21438
14136
17326
23883
26722
16514
2150
19104
22061
7432
11108
14648
32752
19042
429
149
7026
12875
27876
24414
532
18608
20751
10764
29877
20487
6046
20967
22228
14306
25513
22577
9460
18884
23417
417
10821
6195
11082
24083
14720
25614
9551
30845
27923
27681
8951
17189
12926
23287
2927
5137
9469
18159
9064
17855
31591
30866
2586
20503
3414
27428
1928
28062
13192
15225
4102
8428
1925
30987
8441
11872
18050
3401
23263
24082
23430
11569
31887
6665
21707
2336
9153
15535
18535
12009
30416
9089
27691
21029
7103
23051
25804
28363
8315
28948
4160
31233
14431
22038
20331
5425
29437
16113
4859
30558
20508
32223
12177
185
21757
20907
15649
11375
1763
1566
1435
21702
28369
30907
18123
32104
2710
21932
19326
6142
20231
8443
8166
30465
8076
24581
25919
25293
24286
30508
2227
1272
32014
4045
24955
7649
9930
6770
31304
14476
31196
16712
2529
20653
25331
24275
24333
7938
2214
19680
17331
32742
26550
8123
6976
10276
1171
8611
16457
7177
22050
8827
25970
7357
19902
28610
32142
32723
8317
2245
28423
9502
13748
25363
5760
32454
24253
21298
23738
24476
15351
28048
25524
939
29455
29628
3863
1807
6782
8662
27600
16139
32339
28741
15103
10581
8755
7591
9232
26036
9374
5390
21031
28109
26483
1129
194
32570
8631
14144
15258
27613
16018
2469
21962
17524
11674
1895
23602
4461
2133
2952
1822
3579
12536
29681
28451
6505
20085
15717
2378
21167
18869
7092
11889
4675
12322
25137
12781
13873
8041
20581
19316
29806
7806
5893
22587
10089
2016
10530
14171
18660
26910
11680
17785
3842
31642
9449
15270
24481
6797
5858
30084
3561
23115
23839
25258
5669
9417
23891
10058
19410
32604
18442
12305
11766
24003
12186
15695
21940
9832
2902
10584
13084
19427
31494
28202
3144
8128
24212
11856
29348
17026
5640
17670
8845
21735
32182
8605
286
20078
31414
29217
11334
7447
11157
24890
20766
29290
4426
27472
15482
25018
17516
3826
22975
13227
2722
23673
5108
4850
24666
10472
19739
30300
19134
26647
24513
27666
1507
29201
24276
10779
25412
14266
1973
2082
27760
10933
6798
18042
7679
23684
3302
18015
20170
6385
19058
6015
5980
32685
30766
32441
19875
24888
28077
23076
26859
25344
22701
1619
25102
11981
16111
10455
25572
12636
21062
1030
24577
11338
19181
14331
23456
7989
15389
5342
2266
19485
5855
25190
28
23312
20256
16539
11735
24838
22275
1505
18553
19978
25723
15922
25245
1690
13592
12203
28030
11345
17441
2122
16306
22979
9956
6390
29717
21929
842
16831
13571
318
21678
29544
18378
1512
29423
27170
27742
1563
4036
1435
25935
21882
7760
25143
15353
31808
22775
6045
5371
2527
22895
16502
10474
31463
30490
12145
13638
13864
24467
30091
31148
25883
7559
7565
5454
11134
454
16598
22689
575
8857
22874
24405
14747
25943
29931
1674
26247
17971
11704
4929
16207
21080
3091
7440
11133
2104
13687
4379
2812
4640
3273
24895
30845
3856
10206
13200
2842
24011
15934
9734
23353
7722
29991
31347
20148
23733
11477
16056
28727
7284
13057
17721
21993
13059
32424
398
23374
10981
22797
7548
12908
8218
6145
23075
4140
19188
19810
4472
30724
11558
4066
27638
27347
5406
16649
7825
32012
27541
29822
17644
6167
32612
23682
11211
27380
17305
24509
8139
20002
13258
15421
5201
7871
21161
23484
14016
21744
30425
15649
16879
22915
23040
5962
9690
24275
7710
6409
22423
16620
15645
27244
23948
12528
5801
21314
27616
12218
4161
10970
9519
7104
31630
29966
21378
22078
14068
20608
11646
17297
15464
6692
31707
10976
4737
27135
13080
14594
21457
19758
21869
10908
16501
24873
12546
24970
3563
13385
20062
27009
26916
3976
8994
12274
24282
3465
23799
29489
7716
8920
22725
11478
18760
31602
6694
31588
18640
20872
22298
20264
21728
8576
27644
24164
10438
24381
19380
9389
5331
4256
16431
29074
25193
29006
3852
19070
15958
948
22168
9184
7520
13129
14077
13704
20257
27667
7094
28244
13078
19309
14662
19213
17394
19975
4906
5260
27960
7982
7692
18721
24328
27982
21049
13621
21561
26549
16981
32557
32425
18841
2638
10898
3537
5725
10894
22127
925
27408
9077
15099
19322
2359
25862
10872
18352
32460
26336
6491
18674
3974
31856
29101
9267
17243
14694
13745
23228
15940
31333
13767
2172
17728
26111
23952
3231
5275
31200
23635
8290
27504
30793
11424
20517
28781
18881
16179
2753
21462
9991
19738
15133
21196
8010
5403
8188
32720
20124
2128
22041
29827
22693
10772
18550
20655
31636
10019
31473
10891
20315
26620
25368
21563
1308
8842
17214
6807
15070
12036
15311
24877
14213
9234
1760
16265
8961
32305
4618
948
3781
22104
27257
15866
25211
27612
12096
14832
246
1425
32239
2230
14696
28210
3432
122
22741
4098
27374
21821
28615
29620
3455
11994
8260
9864
13156
24644
2045
19384
15878
9231
6856
23826
3
562
336
24294
12673
17163
20491
2850
32451
5027
10861
14268
25850
16180
9820
31824
20829
8680
995
23307
13947
14564
3370
28871
3024
29573
12966
28791
27543
10729
14221
28102
17120
23730
653
15099
18402
8710
26301
24096
10898
25562
30932
24931
13173
21361
17561
700
17586
13855
30362
1744
29035
28499
20001
13078
8013
27605
27492
13112
26214
21067
19964
28092
9015
7426
6040
3043
28427
235
26355
14545
29319
17892
24323
23535
18049
29753
11892
21134
22294
31595
11092
27853
31990
13872
22288
12732
16643
28602
24223
11969
32283
20028
27389
22075
21809
18091
21979
12646
10147
32194
5781
27007
3015
14920
31588
27688
28615
19605
725
12045
24240
3923
27001
22216
7109
25986
16350
17666
2073
22974
7359
20955
1629
17093
16248
13452
20726
4404
14012
24395
30291
10897
24458
21104
28541
30094
20573
10965
1263
31628
1188
28546
30121
17247
23665
25226
5248
18769
17525
22832
20408
14441
6700
24398
22228
18669
8277
10744
21165
26661
6053
7516
25538
3426
20412
27116
23247
24639
17496
1216
24481
5159
6857
32565
31272
7447
5029
475
12750
8613
17596
28302
14087
20034
12110
28130
19241
28092
1660
27589
23167
27399
14845
18271
31896
8252
6418
14909
20197
5858
8636
15023
23940
7533
20524
23918
3670
22020
635
31362
16983
8839
17563
6499
8495
4561
6286
26719
17156
12858
3797
17211
11411
28000
17196
3357
20863
20776
4468
25002
4328
27135
5873
24939
24640
4710
21429
7541
6234
23469
92
26185
6340
29694
27642
505
13655
11678
30290
3468
8716
2928
31305
3492
20754
30395
15514
29278
30493
556
13002
4730
10752
24095
13919
25020
19838
25114
30797
26257
16989
20378
18609
13046
3005
12819
1729
25750
24232
50
19715
28722
20458
25189
11710
15430
5155
17053
5039
20202
1562
2387
6908
4854
26452
11209
30318
30825
3814
28562
13530
29708
31367
1876
31456
8786
30185
27853
1240
4483
19530
7188
1290
30489
14406
5153
12829
21611
1519
16528
6611
20104
6943
12450
3059
15718
23053
16261
12678
13884
4639
4565
9285
5420
29439
3170
6739
18981
13809
10292
31272
27912
29028
18380
27341
23817
19142
29101
13391
28505
31389
5147
1134
28930
22228
13859
27541
18
22354
14811
9743
32763
18642
5099
1399
11578
8686
7244
3696
5175
11900
23632
7831
28524
1310
32227
11958
12490
31509
16400
1339
14936
2646
5319
27880
2590
24032
19421
17355
23873
30796
28500
30321
3695
10406
13533
15191
13181
16763
10395
8865
15951
17971
29994
19982
9465
673
27872
25900
21795
16601
14418
6600
30386
4418
19994
20649
16805
22764
6104
17022
27452
6691
26743
10516
28256
11076
10162
19660
13119
20431
22230
1613
23095
26558
21193
2166
11765
10517
30539
1686
222
6075
1916
2784
31149
12168
32670
4377
4958
29855
13341
14740
21580
24062
25036
10336
150
20051
4978
25792
19398
3857
133
19675
19893
452
18741
29109
16041
31650
13229
28510
16065
32610
20117
5482
11411
18769
7387
29600
20243
24994
11955
7927
22199
10501
19420
17086
31192
4988
4901
21018
12380
1386
13105
28085
21138
1773
8311
20917
8029
16750
27788
24555
28053
31607
8869
6733
3242
1732
19800
8615
6282
21660
2466
3213
17605
9314
19246
10900
25327
103
13780
1986
10311
32002
12385
17474
30357
28131
5270
5212
11353
1444
8307
31909
16417
5025
3253
7795
11067
21514
27805
10388
26508
1590
15091
16448
1216
15674
14411
30283
6308
7867
32391
7327
3791
1024
28061
4074
7048
12619
21914
18836
21988
5994
487
19956
15663
21385
2507
19139
11661
24906
2610
31185
2017
13080
11437
7158
4334
9400
8121
8268
19389
31776
25668
19355
21310
27789
5229
29717
30513
20432
1932
9540
8263
2536
30578
16448
16261
19158
2802
27685
19690
8877
27040
27332
6481
7145
15576
9625
30617
20481
16898
1790
258
10816
21013
29597
30938
19664
602
30763
4954
19480
17011
32596
9163
13384
7067
9201
30188
3377
29999
29569
22168
20571
622
13527
4004
1361
15741
1808
23303
30784
5037
27848
4413
16064
9985
6030
5869
32498
18667
1940
19913
11467
4695
21419
3253
12719
15594
11631
25388
12866
8588
30143
11232
26235
36
30065
12961
14330
29858
3651
29056
6811
15683
30740
10548
21323
13840
24148
22717
8474
11689
29113
22599
31890
30528
16947
6992
24903
24040
29987
24077
21936
23824
11208
16906
9525
16970
11769
7698
137
7250
11546
1358
30778
6987
13129
18864
1415
17995
4824
32147
5489
10778
27136
14491
18965
25911
3795
9187
26168
13596
30579
4439
5924
26819
29314
8798
4275
23657
17369
16829
12201
25234
31101
29880
5702
15949
3278
18297
30492
4793
9218
22710
543
27592
2002
18575
10235
17475
8563
3765
10154
11535
5320
31697
6725
31150
19158
27172
28954
5640
120
24938
6656
26988
11604
12805
15847
27346
22285
19287
19891
19043
9403
20848
20811
21563
18072
13801
11500
28781
1531
22543
20676
25671
4491
28741
1724
14552
22956
19107
21141
27312
4414
5347
6198
18151
9863
17278
31812
6497
18541
21010
13044
4175
19433
25351
12573
30969
1464
626
29586
14780
27732
4153
20654
11598
5666
5497
2096
17226
26605
2340
1353
2536
1939
18415
1780
1291
26366
17259
8838
30338
31574
11377
21638
31623
29813
7364
5054
9100
2204
1010
6802
25656
10340
23419
23185
3756
12023
26165
20042
10762
25215
32495
7521
22328
22751
14933
18146
8673
5282
24596
17876
25277
28208
32574
25618
5907
7496
8687
12118
20860
30378
25649
17559
10217
12820
29213
26005
17127
19568
12611
3250
29218
23116
6476
29443
27176
24202
32734
15527
3952
31065
23488
16215
29339
868
17215
5951
25081
26953
10704
32268
13391
23372
8438
6215
12504
9549
8294
11489
14473
17143
6506
31503
5273
1083
22915
8792
3649
22012
82
20715
13249
780
3256
11319
28323
344
17725
10166
20291
8031
32686
15881
12687
9705
3082
16458
7948
16885
18080
12190
4634
19187
5489
21769
32376
14643
21723
2951
17162
24734
30585
28760
26842
17316
23877
28059
21342
4725
9727
21278
17913
10868
723
29045
25283
10728
19254
27465
1677
27637
22801
12531
9760
204
28705
23113
4294
30238
13469
21176
15372
982
29978
2964
31941
28935
19373
10411
20818
17699
23119
23328
8481
6511
9861
24183
5492
7859
22592
19436
28516
11062
24577
14345
32549
25833
18498
20087
8331
23523
13842
24597
24781
10509
23807
5959
12682
25887
27192
18065
19721
3019
10995
1380
12229
7991
29197
3895
19241
8113
240
6362
21912
11167
30650
4103
23472
23476
4252
31035
30416
12138
10879
24515
19671
7596
26350
3098
15663
7634
24368
29810
24331
15571
13492
7057
13548
4790
179
20958
14698
11338
26384
3260
10545
15639
20611
18454
11850
11668
4086
9787
20636
22939
30511
16877
20402
4889
7856
26292
18878
15626
25819
9081
21470
4773
26714
27471
26527
28371
446
14484
18880
10214
102
26169
20024
21384
11939
13150
7545
1777
24857
9506
24311
26462
5481
15033
27876
7870
25613
10175
30014
2222
18819
2251
11276
11175
2733
17992
29413
21110
14456
6528
6577
23021
5820
26618
7348
1753
27235
26886
968
30772
29390
18838
18153
2459
4724
16975
23543
14850
27340
21472
20920
27302
28526
7571
7197
2627
13429
545
30150
135
31783
3787
31431
28103
18392
22694
24749
4850
28683
17463
28604
30147
2011
27455
8571
5434
3993
5336
2163
16972
15031
29633
25907
28890
19684
7927
3223
5344
21113
30853
842
24559
14356
30364
29322
29405
1410
742
23083
22459
16355
25624
9183
22535
14088
26055
31668
803
16928
12924
4574
30982
12180
5130
10679
19762
27695
3615
6660
5605
9602
1818
8826
31636
27527
29468
14977
23701
5508
13666
15671
22812
28210
11218
5816
23400
27423
6355
22173
28734
29521
24418
19394
919
31020
17763
3405
21910
27542
12340
5355
15292
16984
3976
20061
607
10695
27251
16436
600
4517
17089
12760
16125
9026
17036
29391
8271
25318
26638
10044
7540
115
9139
15782
27495
6983
7282
29179
1006
32096
3678
469
6348
4547
30584
30203
18232
6686
1736
9515
8079
26540
428
21527
21830
7001
4975
5805
11042
12583
15133
22171
28587
23248
19350
8979
7646
28077
12770
11723
30242
26582
30148
6473
9085
20619
10386
31837
16648
30674
13891
16111
21408
22882
19658
13306
3039
9920
19875
5337
25674
15528
32171
16834
28620
1966
26420
27536
27748
7205
8793
2757
28186
1344
30607
18383
13879
3959
4221
14474
2741
4652
11022
5895
8693
31887
708
21900
30384
10687
25679
13275
6192
16434
8030
14775
19136
8278
19125
15013
3169
9848
3711
18160
20926
17382
26854
11759
3938
13136
8418
30090
25385
19572
23374
27387
29172
15099
1601
12498
19873
7325
3739
28220
30523
19084
5086
900
20845
21008
3648
26586
5949
24686
6910
5204
10999
9743
25330
8242
20838
29918
20328
29286
11594
7666
302
11348
3847
21101
15850
12758
27803
2980
18352
29315
5586
16000
21204
22577
30909
24100
3581
32440
2656
29135
28795
6393
10155
16900
17115
10015
684
24809
5560
25125
28674
4590
6868
153
10389
21678
5223
14495
21380
5914
20150
9016
27743
21204
22504
25796
22935
6617
27157
16070
18226
22115
15265
28392
6595
16910
10696
32575
3482
22585
29049
27599
22072
18351
27240
16722
20998
10119
30815
6453
9798
29512
9940
5860
22345
4689
8897
19015
12514
28280
1712
7052
4892
24050
11541
9256
30504
25715
31969
6424
16537
3989
25684
10861
11988
29310
30227
31751
705
1213
23674
7073
11463
26742
5939
6158
5880
23487
14088
7617
24456
22857
3061
15507
6020
11331
31106
15041
22976
31611
25936
6452
19986
4039
29681
11526
27837
22947
2044
29249
5680
31259
14177
31722
21233
21228
11003
9534
20436
25062
7268
26683
27248
27540
26125
32098
25043
14623
22926
10428
32629
28016
20538
22555
19563
13717
10743
30370
9949
22630
11853
6535
19386
26984
956
27160
10410
8945
12627
28924
2629
11149
24190
9916
31362
19105
17696
28034
25458
20558
2529
22560
18990
13464
28362
25171
13838
12744
5135
32329
6171
24078
15147
7010
18119
2155
16434
2612
25052
23758
15715
25041
12979
4990
3325
19020
23718
12215
7509
20601
29127
4504
19236
9973
16339
24381
13861
30822
26977
2344
17376
12036
8031
28133
17600
21849
3775
24813
28524
29764
22126
6348
9812
4676
6534
18559
15242
14323
452
26656
9940
7633
17980
28869
25087
26435
2635
4005
24438
3804
10446
5244
20243
26586
16273
7985
9524
22772
3851
20662
6162
13395
584
817
1870
20702
29478
19801
461
18618
32452
21794
24006
273
32312
13724
5913
24339
30592
31768
26595
20027
6843
142
20303
31700
8090
7483
31407
27579
5905
2446
17611
19046
1362
23621
16248
8229
22523
30932
31597
18856
3214
27654
595
22978
6947
31718
14107
18540
31065
28384
4244
4877
18834
20004
25149
12793
2656
10059
10072
1847
23098
4413
1087
10887
9076
30802
29179
13987
17518
30135
18451
31686
2059
13844
6306
15211
612
13163
4780
20823
9662
17988
24242
28121
9146
20999
10628
17745
28364
4265
20823
22767
28654
16778
26903
15549
17558
16286
1535
32480
6373
17100
2918
5147
29217
20627
26844
28052
32101
8179
32373
7131
13975
29835
7013
9000
31643
13567
19149
25828
24518
16540
25301
17003
21398
18495
2555
23825
29856
11890
9899
5987
6601
13017
27919
15279
28601
27853
32552
27590
14733
22854
21278
15872
2508
32766
21460
11137
1949
29651
28608
13243
5175
12909
2554
22836
25752
10018
402
23433
25466
21782
17191
21172
28547
27815
6325
3978
18876
20488
11183
25991
18500
19243
27982
16846
8518
741
22824
13164
25128
24397
17924
18653
26373
30053
14573
26321
26206
13308
28293
31792
25868
22482
3740
14171
9849
27390
15873
8373
27920
21389
664
15970
7922
13676
11693
9550
8939
11144
16520
7025
2468
7219
32578
12114
22298
11466
9687
26826
78
6292
29563
30475
28991
28398
50
32736
12053
31909
4251
29751
27295
25764
23564
3548
5887
11215
30948
23175
22692
15406
25373
30745
24697
9038
20769
26147
1884
4068
19167
4264
15826
21172
14109
30756
9209
26289
21264
6860
23998
17510
18474
792
30543
1172
21555
8063
28116
5661
14235
18305
12378
2848
24079
4587
11535
16742
30026
24663
16053
27133
26158
17394
3665
13346
25619
8066
15651
8037
1631
10919
27355
14599
8278
14944
27658
18599
19252
29394
17623
12317
22137
17989
15347
679
4741
25968
6607
5955
10596
1270
26636
6747
31211
7216
17715
25255
10500
301
8358
3408
23878
1527
29398
9553
22729
31512
17847
23075
25912
15197
8561
2457
17959
9434
12633
8457
9639
9006
13599
6572
12056
12041
4680
5191
19519
26347
6623
22539
14489
9518
22120
14522
24302
14150
30230
10252
13608
6728
9534
30289
2662
24745
27914
1623
31565
9544
27250
30862
158
12207
29032
4458
19470
11670
28755
24329
26450
9641
10175
25110
18809
1932
2643
15853
22142
32027
22787
13312
32030
24822
20359
28281
26343
32317
29963
24097
28306
32152
25896
12160
20626
9083
9491
6982
18925
17320
22804
5609
6475
3573
28218
8848
5708
6223
3150
19760
21279
18943
25605
4084
31825
3116
11641
10211
27362
25505
27354
7357
7326
22481
17249
37
1706
19224
2694
10245
30302
10308
18291
26671
29778
2388
20664
3904
23996
15232
20544
10954
10233
17529
17284
22194
617
19697
19454
7126
19072
5214
25569
8691
1562
20987
19207
14535
22543
10000
16427
31858
8968
1652
23128
6434
20113
13648
5793
29167
25199
18725
28179
12036
27699
18193
2024
30464
25359
18510
23549
22428
32233
18427
22919
8589
12206
32287
26113
15276
15849
27627
18537
12628
9620
32063
21675
11
16941
25456
27486
26725
27405
3401
8622
17958
31478
24655
9625
13223
30187
5961
12895
31867
16708
27136
10547
9041
8705
25156
8759
32540
30047
559
2471
13170
22441
8110
7508
2098
11601
6460
24149
25706
16959
18417
19193
28792
29545
21180
29952
9071
5796
18157
18442
16316
5305
6646
5199
777
27068
30834
12689
3425
32665
1638
20047
17301
5872
29895
16188
12511
12835
4157
25327
11206
13997
11559
28124
16961
14517
5343
12931
12575
9442
22591
14823
27302
15474
11108
16450
28795
6022
11953
27127
1218
8640
18711
17608
30341
17680
30612
26953
3418
14027
13818
20628
22592
6910
25842
12863
25547
29185
20800
32395
7041
1103
16457
18654
23171
16532
9682
13940
28528
16392
26378
17745
6022
25852
20171
32634
13578
18354
5917
28260
17642
25970
11260
25261
22434
17882
2907
25610
4444
2678
26216
23937
30043
7313
26642
23000
153
27978
17608
25677
22447
31722
30596
24967
3062
5748
20489
29901
15340
2174
13929
17782
4825
11328
18377
14496
27570
4587
12392
29477
6973
12604
26334
14283
9590
22864
11426
30139
25138
21178
30671
6965
21762
26579
10792
129
15450
18257
14681
32553
7154
29979
11392
2405
18029
15708
4843
21975
10809
24022
22563
29560
26038
22906
6442
22995
26266
10805
24322
18801
6292
17676
25198
4244
26415
9323
15613
2088
5882
19642
11075
23798
14822
32562
17514
31003
17135
3823
19178
8632
31998
3142
31380
7404
26894
14936
30677
29695
18318
743
17465
9696
20743
23657
23598
24018
25087
22107
25099
610
7709
16344
31312
12444
20110
7274
15663
30590
32678
23328
24908
26541
8651
993
962
19303
12687
20223
12646
6841
11036
23311
5455
32754
19669
29945
28822
87
27962
9803
16218
7448
26636
32211
12039
131
26290
18028
18904
2936
2012
8216
31643
22301
10854
12111
21429
32466
24447
22167
10341
18024
18442
11861
32589
28813
24900
12003
24366
22923
1192
16610
28403
10803
7952
10194
1521
14099
25372
31456
4461
24560
31447
8190
29534
880
31896
32057
15989
23318
10023
21575
29531
21363
10529
31840
9018
13467
30622
28240
7038
11991
30736
22217
32477
8089
367
8957
28564
8885
30867
15212
12020
17357
3041
24827
22046
25613
21033
24647
3083
10265
20687
3896
23759
580
11561
18649
5662
11523
3369
23399
19727
10657
27452
7336
28960
5940
24945
6269
4218
30159
12254
3515
12663
10745
576
11575
25954
21598
14561
20256
30846
20933
14527
4754
25417
30530
1770
7015
24833
24237
13102
25169
20328
22354
22002
19238
15301
20202
9568
30074
16683
18123
26054
31603
7165
10587
14652
4825
5810
5066
4744
17517
13270
26625
20286
11644
14673
15061
15660
32691
236
29313
3828
13109
12817
10579
1019
7915
18642
10405
18306
27419
3630
4111
19219
4669
25999
31963
8223
25610
5014
17849
5349
16085
25115
7860
6293
29470
17776
14693
10934
1381
26342
13671
22981
16956
14483
29963
5407
22688
30290
10828
22049
28297
14346
12293
25741
25536
31028
865
14895
14065
14743
29075
18881
16641
6998
19912
11533
15009
8749
17242
32337
16420
30712
6215
24807
18317
23157
29665
32037
15597
5706
32199
29571
14572
13130
26899
2811
1445
13812
16341
7862
26039
6716
705
3812
20888
27535
28964
14572
7981
7697
3357
15045
18328
3369
12297
1443
16210
17215
17215
983
5241
28356
28926
22000
18283
10355
24995
27431
4499
28375
22815
30970
3715
31502
18601
5654
31555
21196
10416
31866
32745
15267
12052
14042
14186
29569
13717
15681
27056
21114
25740
17659
11245
14791
30169
18354
23342
29711
9244
1495
9523
27366
6696
2116
4990
21908
30388
25887
19626
17687
14420
19457
32766
12651
9640
7511
12098
27656
1491
4361
19153
7085
15663
12378
21488
9564
8768
10000
31070
9893
7910
12244
25133
25896
29142
8155
6863
22358
9290
21958
22644
10871
2040
4039
1684
27121
20801
27910
21191
11207
8620
7747
10973
26208
5778
2492
24875
21386
12315
26193
27427
1214
9321
4582
28200
3238
29458
9993
3744
25052
19668
5588
13642
24309
9092
17429
16081
958
30280
30893
18850
23493
11782
5686
5627
11803
7708
26857
11333
23129
32082
3006
15780
1761
27404
10452
29388
1126
21701
6420
7446
2735
20408
10002
32211
12951
15072
31027
6112
20825
15651
26389
16251
6410
29643
15915
23636
8807
25909
14760
4583
17361
3021
12703
16906
22934
3386
17768
7618
25458
29141
1349
14427
6998
28768
24389
20664
26983
8693
21353
17639
22858
12860
13062
25592
29855
24545
28522
4624
9931
24901
15298
29369
3579
372
1596
3452
23910
2392
3176
8370
13522
18732
3812
5783
4441
22066
26680
20640
15213
20649
2815
15631
22042
17914
11080
27332
29579
818
5947
3926
21200
27572
768
13154
10974
10288
19420
31011
9943
16847
30365
12611
30604
32176
27961
12785
7745
3224
16306
9268
21680
25317
27708
15231
13904
19652
29346
2949
3798
4772
14054
28750
29180
16875
30504
15499
130
28135
22728
8743
32371
32007
20687
2334
7850
22091
27531
18578
10132
761
14202
30236
21816
6290
22378
16224
7284
32516
32733
484
13193
26401
25522
5410
986
1360
21506
31451
26864
25730
5961
27055
24770
25960
